0, 1, 10, 0.225, 0.319, 0.456, 0.615
1, 0, 5, 0.225, 0.322, 0.453, 0.615
0, 1, 5, 0.225, 0.314, 0.461, 0.615
0, 1, 5, 0.225, 0.317, 0.458, 0.615
1, 0, 5, 0.200, 0.330, 0.470, 0.625
0, 0, 5, 0.175, 0.332, 0.493, 0.640
0, 0, 10, 0.200, 0.311, 0.489, 0.625
0, 1, 10, 0.225, 0.319, 0.456, 0.615
0, 0, 10, 0.200, 0.371, 0.429, 0.635
0, 0, 5, 0.225, 0.324, 0.451, 0.615
1, 0, 10, 0.200, 0.309, 0.491, 0.625
1, 0, 10, 0.200, 0.372, 0.428, 0.635
1, 0, 0, 0.200, 0.297, 0.503, 0.625
0, 5, 10, 0.200, 0.272, 0.528, 0.630
0, 0, 1, 0.225, 0.277, 0.498, 0.645
0, 0, 1, 0.225, 0.331, 0.444, 0.615
0, 5, 10, 0.200, 0.272, 0.528, 0.630
0, 10, 5, 0.175, 0.152, 0.673, 0.630
0, 5, 1, 0.200, 0.154, 0.646, 0.615
1, 0, 0, 0.200, 0.148, 0.652, 0.615
0, 10, 5, 0.175, 0.151, 0.674, 0.630
1, 5, 0, 0.250, 0.135, 0.615, 0.710
0, 5, 0, 0.250, 0.135, 0.615, 0.710
0, 5, 1, 0.200, 0.154, 0.646, 0.615
0, 1, 0, 0.175, 0.154, 0.671, 0.630
0, 10, 0, 0.175, 0.136, 0.689, 0.630
0, 10, 0, 0.250, 0.129, 0.621, 0.710
0, 10, 1, 0.200, 0.146, 0.654, 0.615
0, 10, 1, 0.200, 0.146, 0.654, 0.615
0, 5, 0, 0.200, 0.145, 0.655, 0.615
1, 5, 0, 0.200, 0.145, 0.655, 0.615
0, 1, 0, 0.200, 0.145, 0.655, 0.615
5, 0, 10, 0.200, 0.302, 0.498, 0.625
5, 0, 10, 0.200, 0.374, 0.426, 0.635
5, 0, 0, 0.175, 0.258, 0.567, 0.610
5, 1, 10, 0.225, 0.320, 0.455, 0.615
1, 5, 10, 0.200, 0.271, 0.529, 0.630
5, 0, 1, 0.200, 0.289, 0.511, 0.625
10, 0, 0, 0.175, 0.221, 0.604, 0.610
1, 10, 5, 0.175, 0.152, 0.673, 0.630
10, 0, 5, 0.200, 0.355, 0.445, 0.655
5, 0, 1, 0.200, 0.249, 0.551, 0.630
1, 10, 0, 0.175, 0.136, 0.689, 0.630
10, 0, 1, 0.175, 0.245, 0.580, 0.610
1, 10, 0, 0.250, 0.129, 0.621, 0.710
10, 1, 5, 0.200, 0.304, 0.496, 0.625
5, 1, 0, 0.175, 0.150, 0.675, 0.630
10, 0, 5, 0.200, 0.312, 0.488, 0.625
5, 1, 0, 0.200, 0.143, 0.657, 0.615
5, 0, 0, 0.200, 0.145, 0.655, 0.615
5, 10, 0, 0.175, 0.135, 0.690, 0.630
5, 10, 0, 0.250, 0.129, 0.621, 0.710
10, 0, 1, 0.175, 0.234, 0.591, 0.640
5, 10, 1, 0.200, 0.144, 0.656, 0.615
10, 5, 0, 0.250, 0.132, 0.618, 0.710
10, 1, 0, 0.200, 0.138, 0.662, 0.615
10, 1, 0, 0.225, 0.159, 0.616, 0.615
10, 5, 1, 0.200, 0.152, 0.648, 0.615
10, 5, 0, 0.200, 0.141, 0.659, 0.615
10, 0, 0, 0.200, 0.128, 0.672, 0.615
